1 0 814
1 2 576
1 4 1031
1 5 1372
1 6 571
1 7 2513
1 8 744
1 9 390
1 11 1902
1 13 368
1 14 545
1 17 1809
1 18 329
1 19 792
1 23 414
1 24 1087
1 25 488
1 26 524
1 29 516
1 30 580
1 31 1715
1 32 421
1 33 333
1 34 711
1 35 785
1 37 269
1 38 275
1 39 875
1 42 1072
1 45 372
1 46 378
1 47 294
1 49 764
1 50 924
1 51 638
1 52 968
1 53 256
1 54 327
1 56 324
1 57 515
1 58 567
1 59 327
1 60 705
1 62 220
1 63 365
1 65 624
1 67 279
1 68 241
1 69 229
1 70 256
1 74 276
1 75 207
1 77 246
1 78 473
1 85 299
1 90 279
1 92 305
1 97 241
1 123 254
