2 8 7 296
2 8 4 201
2 11 7 736
2 14 11 197
2 14 7 271
2 17 11 419
2 17 7 557
2 19 7 201
2 24 17 238
2 24 11 244
2 24 7 338
2 24 5 226
2 26 7 257
2 29 7 209
2 30 7 202
2 31 17 377
2 31 11 322
2 31 7 394
2 34 11 207
2 34 7 262
2 35 7 269
2 39 31 207
2 39 17 206
2 39 11 222
2 39 7 327
2 42 17 239
2 42 11 466
2 42 7 481
2 42 5 254
2 50 31 239
2 50 17 301
2 50 11 265
2 50 7 294
2 51 7 248
2 52 31 242
2 52 11 227
2 52 7 241
2 58 11 213
2 58 7 218
2 60 11 284
2 60 7 317
2 60 5 204
2 65 11 219
2 65 7 295
2 78 7 201
