1 7 2513
1 11 1902
1 17 1809
1 31 1715
1 5 1372
1 24 1087
1 42 1072
1 4 1031
1 52 968
1 50 924
1 39 875
1 0 814
1 19 792
1 35 785
1 49 764
1 8 744
1 34 711
1 60 705
1 51 638
1 65 624
1 30 580
1 2 576
1 6 571
1 58 567
1 14 545
1 26 524
1 29 516
1 57 515
1 25 488
1 78 473
1 32 421
1 23 414
1 9 390
1 46 378
1 45 372
1 13 368
1 63 365
1 33 333
1 18 329
1 54 327
1 59 327
1 56 324
1 92 305
1 85 299
1 47 294
1 67 279
1 90 279
1 74 276
1 38 275
1 37 269
1 53 256
1 70 256
1 123 254
1 77 246
1 68 241
1 97 241
1 69 229
1 62 220
1 75 207
2 11 7 736
2 17 7 557
2 42 7 481
2 42 11 466
2 17 11 419
2 31 7 394
2 31 17 377
2 24 7 338
2 39 7 327
2 31 11 322
2 60 7 317
2 50 17 301
2 8 7 296
2 65 7 295
2 50 7 294
2 60 11 284
2 14 7 271
2 35 7 269
2 50 11 265
2 34 7 262
2 26 7 257
2 42 5 254
2 51 7 248
2 24 11 244
2 52 31 242
2 52 7 241
2 42 17 239
2 50 31 239
2 24 17 238
2 52 11 227
2 24 5 226
2 39 11 222
2 65 11 219
2 58 7 218
2 58 11 213
2 29 7 209
2 34 11 207
2 39 31 207
2 39 17 206
2 60 5 204
2 30 7 202
2 8 4 201
2 19 7 201
2 78 7 201
2 14 11 197
3 42 11 7 228
