1 7		2513
1 11		1903
1 17		1809
1 31		1715
1 5		1372
1 24		1087
1 42		1072
1 4		1032
1 52		969
1 50		924
1 39		875
1 0		814
1 19		792
1 35		785
1 49		764
1 8		744
1 34		711
1 60		705
1 51		638
1 65		624
1 30		580
1 2		576
1 6		571
1 58		567
1 14		545
1 26		524
1 29		516
1 57		515
1 25		488
1 78		473
1 32		422
1 23		414
1 9		390
1 46		378
1 45		372
1 13		368
1 63		365
1 33		333
1 18		329
1 54		327
1 59		327
1 56		324
1 92		305
1 85		299
1 47		294
1 67		279
1 90		279
1 74		276
1 38		275
1 37		269
1 53		256
1 70		256
1 123		254
1 77		246
1 68		241
1 97		241
1 69		229
1 62		220
1 75		207
2 42 4 		207
2 4 8 		201
2 7 11 		736
2 7 17 		557
2 7 31 		394
2 7 5 		551
2 7 24 		338
2 7 42 		481
2 7 4 		416
2 7 52 		241
2 7 50 		294
2 7 39 		327
2 7 0 		300
2 7 19 		201
2 7 35 		269
2 7 8 		296
2 7 34 		262
2 7 60 		317
2 7 51 		248
2 7 65 		295
2 7 30 		202
2 7 2 		238
2 7 58 		218
2 7 14 		271
2 7 26 		257
2 7 29 		209
2 7 78 		201
2 11 17 		419
2 11 31 		322
2 11 5 		427
2 11 24 		244
2 11 42 		466
2 11 4 		353
2 11 52 		228
2 11 50 		265
2 11 39 		222
2 11 0 		284
2 11 8 		257
2 11 34 		207
2 11 60 		284
2 11 65 		219
2 11 58 		213
2 11 14 		197
2 17 31 		377
2 17 5 		338
2 17 24 		238
2 17 42 		239
2 17 4 		242
2 17 50 		301
2 17 39 		206
2 31 5 		269
2 31 24 		285
2 31 4 		205
2 31 52 		242
2 31 50 		239
2 31 39 		207
2 5 24 		226
2 5 42 		254
2 5 4 		288
2 5 0 		213
2 5 60 		204
3 7 11 5 		219
3 7 11 42 		228
